
% for right arm

A = [  0.9349618,  0.3147725, -0.1635992;
  -0.1756911,  0.0102256, -0.9843922;
  -0.3081868,  0.9491121,  0.0648633 ];
B = [-0.103, -0.081, -0.048];
TUC =[ [A B']; zeros(1,4,'like',B)]
TUC(4,4) = 1
TBC =

    0.9350    0.3148   -0.1636   -0.1030
   -0.1757    0.0102   -0.9844   -0.0810
   -0.3082    0.9491    0.0649   -0.0480
         0         0         0    1.0000
         
 % for left arm
 A = [ -0.9601029,  0.2753982, -0.0485630;
  -0.0438351,  0.0233005,  0.9987670;
   0.2761902,  0.9610478, -0.0102988 ];
B = [0.121, -0.091, -0.132]
TUC =[ [A B']; zeros(1,4,'like',B)]
TUC(4,4) = 1

TBC =

   -0.9601    0.2754   -0.0486    0.1210
   -0.0438    0.0233    0.9988   -0.0910
    0.2762    0.9610   -0.0103   -0.1320
         0         0         0    1.0000
